-5.310075993303354e-06, 0.005701488684902992
-0.00010719555757740529, 0.005328605623096298
-0.0002469848247026729, 0.005278272486975876
-0.0004671320932259082, 0.005227631183855661
-0.0007729334764100537, 0.005176375490927266
-0.0011667619666852203, 0.005124823650950197
-0.001657535119893111, 0.005073244246355747
-0.002244508093258213, 0.005021706089128353
-0.0029261670125451944, 0.004970109980579893
-0.0037091135232935613, 0.004918514073249465
-0.004591041543636959, 0.004866937258959423
-0.005569427805849181, 0.004815272196388204
-0.006650263818716251, 0.004763577895637191
-0.007830828092190684, 0.004711877119372672
-0.009108327523084797, 0.004660062164495519
-0.010488589802035764, 0.0046081910923067865
-0.011968781732054568, 0.0045562876958172216
-0.013546037475079847, 0.004504243962760104
-0.015226140506478164, 0.004452117158322057
-0.017006227574758004, 0.004399931882480485
-0.018883413170805025, 0.0043475800285618085
-0.02086346879345774, 0.004295118151411612
-0.02294352316144105, 0.004242571601012271
-0.025120685412099858, 0.004189832230461648
-0.02740072376839084, 0.004136955905174429
-0.029780764864147324, 0.004083968707917451
-0.032257916347907506, 0.0040307624648348
-0.03483794551539224, 0.003977392357392205
-0.03751797852040603, 0.003923885195900584
-0.040295122565928265, 0.003870132782524309
-0.043162887363211694, 0.003816649655883034
-0.046116669666488946, 0.0037629824160747656
-0.04914231842691549, 0.0037102326159316945
-0.05225815340499909, 0.003664558057483599
-0.05545311067969799, 0.003604203992241115
-0.05868072646328798, 0.0034901755565994895
-0.06192925727064996, 0.003321274650343402
-0.06519841087605469, 0.0031222588812651487
-0.06850844845393989, 0.002893833965475454
-0.07185836572581333, 0.002641276596526804
-0.07524995319960759, 0.002370825210835844
-0.07867201196571347, 0.002095954382416035
-0.0820342239692203, 0.0018419550327042349
-0.08534650277662864, 0.0016170618751434659
-0.08868333059576991, 0.0014004255924863435
-0.09194549604017893, 0.0011711934481408838
-0.09518425155400556, 0.000957723889303315
-0.09852292334234128, 0.0007245838781269817
-0.10181881552432298, 0.0005004923523982095
-0.10516451929579215, 0.0002848133277124109
-0.10861550295033515, 5.525009807929009e-05
-0.11234609690276343, -0.0002794443493572712
-0.1163433500298563, -0.0007143137973652488
-0.12057820477404319, -0.0012608743755469897
-0.12492451079946987, -0.001819281795919528
-0.12909799618751727, -0.0022407375694169264
-0.13319538305431552, -0.00261926262566606
-0.13720360151232755, -0.0029647148137982014
-0.14118562411113506, -0.0033286436387721724
-0.14518051743568347, -0.0037085655809816175
-0.14947395143646708, -0.00424130249241676
-0.15408299703510497, -0.004943332347231266
-0.15870502106407805, -0.0054512515291232945
-0.16313241467588313, -0.005816508020450778
-0.1674649375665618, -0.0062059248508952464
-0.1716634617514921, -0.006617847139553206
-0.17565247111999957, -0.007072303219654238
-0.17962175628677315, -0.00750774735965899
-0.1838659539232493, -0.008058085798611144
-0.1885123538356139, -0.008841809079379226
-0.1935104477492583, -0.00978452761776286
-0.19884285138247243, -0.010818611256746439
-0.20430590035441934, -0.011756321395173547
-0.2097850559068769, -0.012589002651076993
-0.2151209855017166, -0.01328171618858534
-0.2201825602044388, -0.013892370113738752
-0.2250422179978704, -0.014451419304480951
-0.22971713575238048, -0.015000179439847385
-0.23432473079736957, -0.015553457374771472
-0.23915131050113558, -0.016287975408206437
-0.24426528655454924, -0.01720854072170555
-0.24964087091055157, -0.0182939448847289
-0.2552141951362788, -0.01947654719694517
-0.2608629683256237, -0.02048598652617037
-0.26637344599442087, -0.021301848929964916
-0.27193854617722957, -0.022108140420452796
-0.27770114842564153, -0.023066563443976194
-0.2835591752768918, -0.024148084715936522
-0.2894790105795376, -0.025201212639077795
-0.2953985920036213, -0.02615564586771817
-0.3013845038650343, -0.027233079738543407
-0.3073990789251799, -0.028281205788189417
-0.31336255619498554, -0.02921798722220956
-0.3194247457499827, -0.030193141197933836
-0.32562354275847905, -0.03124220670981001
-0.33187829333108754, -0.03231687111884439
-0.33806049837225105, -0.03322918404704231
-0.34424633524180076, -0.034223543793527184
-0.3505465741481195, -0.035332183696807865
-0.35679443861513727, -0.036351548120371974
-0.36298563168492926, -0.037345830403991434
-0.36923739980054027, -0.03839238970133026
-0.3754950649618449, -0.039409390558793986
-0.38177373247559476, -0.04051927794054326
-0.38812650120997916, -0.041664950619468996
-0.39438853125013695, -0.042639626891347954
-0.400542129619074, -0.04355458877874053
-0.4065772498708723, -0.044463331110256424
-0.41272162036430005, -0.045541468052813956
-0.4190035066478896, -0.04684682606951899
-0.4252878109084706, -0.04807864648549687
-0.43150686289996243, -0.04923324058558366
-0.4376301441205369, -0.050272470459824484
-0.44372537563645365, -0.05130394913384655
-0.44991739783939827, -0.052532516480691016
-0.4561826622862304, -0.05377754193524765
-0.46242129999820103, -0.05489500406518775
-0.46864264601397865, -0.05608882950838161
-0.47489039768053887, -0.057392750113286276
-0.4811087303977339, -0.058602891205172626
-0.4872822181833456, -0.05973278568741505
-0.4934227478116294, -0.060890187606808636
-0.49964693416660844, -0.062133952818497165
-0.5058949427851186, -0.06340849466713042
-0.5120922153044886, -0.06465685227190954
-0.5182694685279746, -0.06586819189862021
-0.5245699019039889, -0.06717541061995111
-0.5308935971087738, -0.06844893949850675
-0.5371007465365878, -0.06960132031925323
-0.5432933326857874, -0.07086542356232173
-0.5494268544053019, -0.0720533030771846
-0.5555148273481081, -0.07321779367801198
-0.5616345561913498, -0.07452545894947286
-0.567677159746239, -0.07578166996434593
-0.573811298454603, -0.07714814771649459
-0.5800073848336387, -0.07861529288329844
-0.5861736923631874, -0.08001254112234682
-0.592401411428359, -0.08138133537093935
-0.5986124967561651, -0.08266963429069896
-0.6048803662169284, -0.08407199374380286
-0.6111354787307967, -0.08548731835643128
-0.617408756654431, -0.08691668076328092
-0.6235707287838778, -0.08819237610114461
-0.6296948144315768, -0.08952972648563153
-0.6357816474548882, -0.09087116539304849
-0.6418974594883398, -0.09220569720069946
-0.6479497065069335, -0.09348328305614748
-0.6540337831984974, -0.09483767297875331
-0.6601630344206235, -0.09630081038261046
-0.6663039774095543, -0.09771156274510714
-0.6724056658820008, -0.09906876857889159
-0.6785495971380524, -0.1005697375691814
-0.6847625991318267, -0.10206993365570849
-0.6908945844173296, -0.10344182614052874
-0.6970056681000335, -0.1048633172411937
-0.7031186823447823, -0.10627121018582704
-0.7092055207656826, -0.10759719918347616
-0.7152642890900828, -0.10900898050626139
-0.7213597320077026, -0.11060809137611177
-0.7275500410670186, -0.11224601596123782
-0.7336603939109292, -0.11370061679250762
-0.7397632250970614, -0.11519132067455014
-0.745957893386421, -0.11680285434211321
-0.752174453822319, -0.11841689774677294
-0.7583026432337072, -0.11990380167003666
-0.7644491918636218, -0.12141135540003203
-0.7706077456435443, -0.12290131840958801
-0.7767625430146552, -0.12434069947649518
-0.7829062010685466, -0.12576617632445122
-0.788997089146916, -0.12710366797655154
-0.7950416424351315, -0.1285054018647734
-0.8012455703810315, -0.1301979725946919
-0.8075109425459671, -0.13200282640559005
-0.8136930357502873, -0.13365037257989548
-0.8197855399655911, -0.13518200159179022
-0.8259485241650285, -0.13675306343663549
-0.8322177913004951, -0.13852655072773384
-0.8385234452829391, -0.14036292728581995
-0.8447175666347158, -0.14198819487100192
-0.8508627469648722, -0.14364511213674971
-0.8570941391049192, -0.1453546706442173
-0.8632923583431474, -0.146930112795601
-0.8694340077268927, -0.14847634755609437
-0.8755434365063488, -0.15011113115889785
-0.8816862646590057, -0.15177216476580038
-0.8879288168113796, -0.15361782754452427
-0.8941040387390455, -0.15537254428539587
-0.9001845348296961, -0.15698987860589425
-0.9063087342124351, -0.15864267197130225
-0.9125447127106554, -0.16050843030674522
-0.9187365750361826, -0.16234872562424985
-0.924813364380516, -0.16400579232151258
-0.930888928899088, -0.16556467158887547
-0.9369452609270369, -0.1671591384399913
-0.9430360547010574, -0.16899533712221038
-0.9492158033695528, -0.1708827845140501
-0.9553930249644688, -0.17267128379366808
-0.9615346625913241, -0.17442435442973467
-0.9676911735340854, -0.17631270566872603
-0.9738290194515214, -0.17821256877896186
-0.9799588343162574, -0.1800827809032823
-0.9860922072930335, -0.18195519527346066
-0.992194242910566, -0.1837837649515427
-0.9982825090911736, -0.1855966859489627
-1.0043624301994416, -0.1873391771876019
-1.0104162750872456, -0.18906434570650232
-1.0164803396549917, -0.19092657181719017
-1.0225712031974148, -0.19293915427939182
-1.0286592560446797, -0.19488122974975605
-1.0347195609226525, -0.19677638157041133
-1.0407936729425533, -0.19864575410627502
-1.046832678550508, -0.20040212751479342
-1.0528358143413998, -0.2022457339316197
-1.0588341292825714, -0.20425800574940725
-1.064903004963923, -0.20632880745505167
-1.0709912198792315, -0.20829291578872644
-1.0770574577104037, -0.21027652418497728
-1.083091356775844, -0.21223301773291975
-1.0890728658555298, -0.21407067180139505
-1.094931128110907, -0.2157386312581644
-1.100753420545187, -0.21747018236390728
-1.1066476218759547, -0.21943787453610752
-1.1125549940788646, -0.2215911881747994
-1.11843780010193, -0.22365307339967438
-1.1242873320777063, -0.2255405210812459
-1.1301558682098956, -0.2275238229336095
-1.136062596550801, -0.22966405436394544
-1.1420170724217038, -0.23176409224555206
-1.1479017861299374, -0.23365734339927197
-1.1537608875895655, -0.23554505680172144
-1.159610276025409, -0.2375850203539295
-1.1654494137627065, -0.2397402984415799
-1.1713155512299276, -0.24185575850289304
-1.1771506182844502, -0.24397423386384665
-1.1829444811559438, -0.24604919156300722
-1.1887295079653513, -0.248062439616455
-1.194491323304746, -0.2499503779269645
-1.2002811444925876, -0.25188493078519003
-1.2060858342317673, -0.254023366458837
-1.211903716851621, -0.25630041517421165
-1.2177209684659096, -0.25851764221779994
-1.2235697063540234, -0.2606595442393378
-1.229331944329192, -0.2626865006352202
-1.2350370017324754, -0.2646339155767552
-1.2407172244432068, -0.2666008394340692
-1.2463066621686236, -0.2685340739053971
-1.2519047187898045, -0.27071209366921173
-1.2575743411820204, -0.273105077597819
-1.2633710058130627, -0.2756190218584113
-1.2691339140424376, -0.27789952873298984
-1.2748789303783215, -0.28015644534410744
-1.280536100436413, -0.28228133229623026
-1.2862138724129668, -0.28461596484200036
-1.2919141918182413, -0.2869508826676393
-1.2975769012987162, -0.28922336731971726
-1.303298911570045, -0.29161821509806696
-1.3091133530149324, -0.2941963687363939
-1.3149202566804465, -0.2966347831885513
-1.320671504505261, -0.29900023635162826
-1.3264747103253178, -0.3014464793902238
-1.3322301976737752, -0.30378605030775135
-1.3379815257549017, -0.3061040175687327
-1.3437442244870728, -0.30836834735442736
-1.3494943141532967, -0.31068063127129153
-1.355180835300778, -0.31288856632078943
-1.3608175189720084, -0.3151200784829988
-1.3664949783823954, -0.3175989242773103
-1.372187791494044, -0.32014040159611745
-1.37782041129133, -0.32249782458598075
-1.3834314509103525, -0.3249098839648333
-1.38898553717852, -0.3272254561150819
-1.394537379511852, -0.3296204903887296
-1.4000435561396591, -0.3318552599986073
-1.4055031953618988, -0.3340036672597812
-1.4109102840318186, -0.3360516076012067
-1.4162629664911588, -0.33811072852155605
-1.4216029679433855, -0.3403293074633456
-1.426917888603827, -0.3425519163073345
-1.4321764419301366, -0.3446749731823067
-1.437389446781019, -0.34680258894165317
-1.4426157313475052, -0.34906263077105504
-1.4478588975268536, -0.35156530299257094
-1.453144187893314, -0.3541431301419258
-1.45855983613181, -0.35690408039201676
-1.4640461736648687, -0.35959280323909937
-1.4694890459812284, -0.3619898160917684
-1.474808618334694, -0.3642549206284331
-1.4800976890991866, -0.36659023893876597
-1.485381850800274, -0.36902434321308797
-1.4907436141553205, -0.37176689210836567
-1.496166327436825, -0.37459354921412324
-1.501584696541351, -0.3771971902084418
-1.5070372342207918, -0.3797723902948895
-1.5124596611164982, -0.3822887340249971
-1.517846379754615, -0.38478949846868093
-1.5232738231732417, -0.38752446370337723
-1.5287398334382554, -0.39038753378998614
-1.5342016484267955, -0.3931483654271239
-1.539703880550143, -0.39580468835745874
-1.5451244382152003, -0.3982706259594726
-1.550601145688813, -0.40094632276378817
-1.5560911489641658, -0.4038901928403722
-1.5616943626691522, -0.40690687899038863
-1.5672737608958793, -0.4097009828262968
-1.5728063208434369, -0.4124052273263157
-1.5783317446045877, -0.41532304955179866
-1.5839165780817186, -0.41832432175102163
-1.5894594381100908, -0.42111872523497734
-1.5949836342375274, -0.42377004348343345
-1.6005058140174415, -0.42640404506057233
-1.605965444246346, -0.4289975594197887
-1.6114129121295797, -0.4316393156502079
-1.6168723986056506, -0.43450318958127027
-1.6223046679313695, -0.43741781346292835
-1.6276724832884275, -0.44016106602188215
-1.6330101852150416, -0.44278675350699936
-1.6382996690187368, -0.44544757211872493
-1.6436018260309548, -0.4482679670117129
-1.6488854202917342, -0.4508690298361855
-1.6540576850855668, -0.4532662716739936
-1.6591824951766219, -0.455665353356055
-1.6642857701702802, -0.45823212243472045
-1.6693912431432203, -0.4610401766208324
-1.6746839653781773, -0.4639014610275788
-1.680158392200039, -0.46674124630041325
-1.685872752393231, -0.4695609151964968
-1.6917767264734742, -0.4723162027867612
-1.6976669973255254, -0.47497664980804766
-1.7032645094498289, -0.4775931160164533
-1.7085977013714575, -0.48006176713346405
-1.7138491860273026, -0.4825155588352665
-1.7190608051468592, -0.48502367704877203
-1.724218667558684, -0.487595845195372
-1.7293732637824362, -0.49043979564727935
-1.7346011837691864, -0.49356483258638717
-1.739818502259122, -0.4966297251207331
-1.7450005475532668, -0.49942981092797484
-1.7501820395764283, -0.5022097090653261
-1.7553090799968152, -0.5049228980157933
-1.760349855845788, -0.5075218951104631
-1.765372764734659, -0.510152986031681
-1.7703477271261432, -0.512802235088598
-1.7753217233394794, -0.5156302044239216
-1.780347564566051, -0.5187398324561205
-1.7853755421802804, -0.5219084979452037
-1.7904563042290191, -0.5251636435723184
-1.7955423555232743, -0.5282411663138147
-1.8006060316631725, -0.5311359001351571
-1.8056347968597377, -0.5340533096053215
-1.8106564339245956, -0.537203511454623
-1.8157165461800597, -0.5405148749007173
-1.8207749974573046, -0.5436881046041127
-1.8258568659791523, -0.5469462907224528
-1.8310541190704963, -0.5503082953047967
-1.8362406416847383, -0.553446219140852
-1.8413889561972299, -0.5565428659808019
-1.8465157724778993, -0.5597851915235716
-1.8516171508022512, -0.5628670525540862
-1.8566963455036767, -0.5658186480110274
-1.8617166798250686, -0.5686820847474949
-1.8667572080560146, -0.5717602944575109
-1.8717893604374574, -0.5750817001111542
-1.8768543982879846, -0.5785439947131389
-1.881919715578841, -0.5818482011538416
-1.8869680598141292, -0.5849097657802607
-1.8919821791843336, -0.5878872164340541
-1.8969861562038208, -0.5908720622940477
-1.9019403873403598, -0.5939153037952778
-1.9068331330651969, -0.5969880087869772
-1.9116790148909486, -0.599959265352277
-1.9165351466451237, -0.6030496225812632
-1.9214008649146552, -0.6064410073742241
-1.926365468020736, -0.6100523609830868
-1.9313121572309186, -0.6133949703653555
-1.936197979047657, -0.6164741381165606
-1.9410185861686462, -0.6194441781265063
-1.945768016533437, -0.6224049006118968
-1.9505114485533417, -0.6256171010269758
-1.955206356296024, -0.6288936250254626
-1.9598813563690467, -0.6319908610562335
-1.9645809466783999, -0.635084622093612
-1.969303363107949, -0.6384957053283082
-1.974103352302523, -0.6421453491606878
-1.9789530368771577, -0.6457647341629037
-1.9837519612276586, -0.6490730392204919
-1.988527751270527, -0.6523540818599404
-1.9932758485689055, -0.6558134534909462
-1.998046988865233, -0.6594626004588489
-2.0029058149972587, -0.6631550645240791
-2.0077859733002037, -0.6666229832707943
-2.012639950761849, -0.6700188838329154
-2.0174684274514902, -0.6733522943290452
-2.0222443776591983, -0.6765781771216711
-2.0269739875653285, -0.6798258741396572
-2.031657371841032, -0.6833604472045892
-2.036366784049532, -0.6871736262090817
-2.0411467779545314, -0.6909061148687567
-2.045905938358373, -0.6943201657611358
-2.0506554511574793, -0.6976928759466916
-2.055350568889864, -0.7011708506376767
-2.0600321294921606, -0.704838207733355
-2.06470672306007, -0.7083658701989951
-2.0694078172950903, -0.7116913797108416
-2.074087665196805, -0.7149410798707121
-2.078735460282017, -0.7182342858721317
-2.083309403198968, -0.7217618854637874
-2.087911800436451, -0.7253028702396764
-2.09278942632645, -0.728861095100107
-2.097957429169593, -0.7324272087404905
-2.1033898543111014, -0.7359617429691419
-2.1089566320565205, -0.7394787489607522
-2.1142709085758984, -0.7430952562044654
-2.119271922787375, -0.7465121750749413
-2.124166164173276, -0.7498997061544824
-2.1290319758950815, -0.7535889086414497
-2.1338855263219196, -0.7574258557359616
-2.138693256061622, -0.7610264390100656
-2.143448166291979, -0.7644272657298189
-2.148107127386532, -0.7676634680724532
-2.152680199705486, -0.770961156449282
-2.1571932153884674, -0.7744045476305735
-2.161677921898531, -0.7777722769469056
-2.1661707552626446, -0.7811035717363835
-2.1707163077684033, -0.7846267284083919
-2.17543876112032, -0.788167362259583
-2.1803948228016887, -0.7917134667659891
-2.185623821871867, -0.795254039571426
-2.190971806695203, -0.79880910899023
-2.1961680962460415, -0.8024719581826858
-2.2010443105817106, -0.8058903847489868
-2.2057707244828215, -0.8091556175715993
-2.210431486788991, -0.8124769865972252
-2.215023476770742, -0.8158434674969962
-2.219582619498704, -0.8195342645030893
-2.2241538127195164, -0.8235282302590187
-2.2288159673907324, -0.8275693759639714
-2.2334378555172463, -0.8313016253031702
-2.2380033565177633, -0.8347941882951849
-2.2424930169659376, -0.8383734683466935
-2.2469035460564264, -0.8422145946647361
-2.2513571184254837, -0.8461603421561996
-2.255809734227207, -0.8498537888868783
-2.2602326735096767, -0.8533186968576932
-2.2646289723632247, -0.856842298468288
-2.2690143639653453, -0.8604946595659355
-2.2733939018283027, -0.8640840523935688
-2.2777407243010552, -0.8675291724958504
-2.2820469439722046, -0.8709683217559956
-2.286326488864821, -0.8746924547749995
-2.290582897500648, -0.8787122889202943
-2.2949001401270754, -0.8827745091554122
-2.2992460181581786, -0.886568795412789
-2.303563773420507, -0.8902012969852036
-2.3078652342720276, -0.8938988274131288
-2.312156378072206, -0.8978572267214461
-2.316480098398229, -0.9017188472971978
-2.320835843058296, -0.9053220518848747
-2.3251718655118516, -0.9090389693969222
-2.3294472635097097, -0.9130392555529715
-2.333747590368288, -0.9172070519940752
-2.338055377537898, -0.9210910932808176
-2.342394472763072, -0.9248556715236108
-2.3466990159858367, -0.9287010674941112
-2.350978899368222, -0.9328430761067541
-2.3552927660620897, -0.9370225048822509
-2.3595996400224633, -0.9408530026025967
-2.3639066386649974, -0.944617844970601
-2.3681724905025883, -0.9486844370022075
-2.372401667700289, -0.9527152338672357
-2.376603617312626, -0.9566891979274768
-2.3807814575818727, -0.9608341205973264
-2.3849737994151767, -0.9648513746294513
-2.389165829809179, -0.9686551573101693
-2.3932988258073022, -0.9723080731271392
-2.39737729655644, -0.9759356940321979
-2.401399343306134, -0.9798000276045855
-2.405375110871917, -0.9838694793583135
-2.409374992928886, -0.9877933613416888
-2.413419831442652, -0.9917338839009426
-2.417472559769131, -0.9957734408526566
-2.4215210715554107, -0.9999940447613512
-2.4256076892712533, -1.0043196141549795
-2.4297244008431225, -1.008376302353743
-2.433833783644547, -1.0122983621958337
-2.4379109819588463, -1.0161274150031052
-2.4419813241164974, -1.020127596717791
-2.4461959442624415, -1.0241512510520927
-2.4506619008147017, -1.0281812515451523
-2.4554323052654494, -1.0322013513397539
-2.4603122019925294, -1.0363656233594107
-2.4651773806533064, -1.0407213847263277
-2.47009417303495, -1.0452523001674727
-2.47498148456216, -1.0498398801447815
-2.4798265939089577, -1.054447912907841
-2.4846248571948184, -1.0590088648360965
-2.4894308963657137, -1.0636162927924757
-2.494169084387738, -1.0682006706266403
-2.4988427850102175, -1.0726956581981424
-2.503486838403793, -1.0771036695229013
-2.508047766986727, -1.0814215215481502
-2.512513861253072, -1.0857971532872104
-2.5169396397433177, -1.0900385021461976
-2.521279978390156, -1.0943100506926295
-2.5255275425111665, -1.098757477171352
-2.529780335735998, -1.1031383553660996
-2.533998162849389, -1.107338818333581
-2.538175731415765, -1.1113949520420203
-2.542326659678566, -1.1153066318821165
-2.546420703562276, -1.1192043160925729
-2.550427235835057, -1.123207224396648
-2.5543740458003588, -1.1273926786143114
-2.5585130620962437, -1.131602902769623
-2.5629311795854677, -1.1358020695427464
-2.567524859730416, -1.1399031116612168
-2.572148821425695, -1.1439543588551642
-2.576379508272831, -1.1479089841958634
-2.5803444752179487, -1.151635403586162
-2.5842278910378766, -1.1552354183133582
-2.5880778147996497, -1.1587818917846784
-2.591854587590357, -1.162290424645064
-2.595578890274239, -1.165885506025733
-2.5992441297134836, -1.1694555169138767
-2.6028373616933886, -1.1729748565853808
-2.606400106706596, -1.1764880920425063
-2.609948507182226, -1.1800307377954473
-2.6134506880939243, -1.1838583071531221
-2.6168625132477916, -1.1879394819094424
-2.620293601189985, -1.1920979911331786
-2.6241108261811394, -1.1962649036624722
-2.628182290257184, -1.2004404617187083
-2.632346574371269, -1.2045302081753544
-2.6368054336328366, -1.2085571949066385
-2.641274525893845, -1.2125499488041136
-2.645438190964398, -1.2166603645521987
-2.649318929452855, -1.2205628386409777
-2.6531282880664806, -1.224404388221666
-2.656861621676668, -1.2281823546751027
-2.660538532161821, -1.2318936735242536
-2.6641695651733808, -1.2355414092977313
-2.667743275330164, -1.239281735775405
-2.6712486010119756, -1.2432363702542313
-2.6746392223524658, -1.2475032710009182
-2.678063738793571, -1.2520272253813038
-2.6817732837300396, -1.256351538775113
-2.685741330357414, -1.2606527870877886
-2.689877675761964, -1.2649171105008066
-2.694120519839761, -1.2691119376305737
-2.6985271873056287, -1.2732645674889709
-2.702573765063784, -1.2773856274110216
-2.7062268304804173, -1.2813768114024269
-2.709734237835037, -1.2851165995157832
-2.713251152136724, -1.2888093525560966
-2.7167583363771413, -1.2925344673985455
-2.7202174989527284, -1.2963811590644276
-2.723679021109579, -1.3003062582091311
-2.7271220599214336, -1.3043272334938143
-2.7306275379907525, -1.3084954819941021
-2.734323735934553, -1.3127232260427875
-2.73825526345349, -1.316980668031642
-2.742478955621452, -1.3212724443497688
-2.7467596709857727, -1.3256590139663864
-2.7507753439477782, -1.3300645399384359
-2.7545438574865333, -1.334178778189793
-2.7582072509266307, -1.3380908589046945
-2.761821120139904, -1.3419662988693415
-2.76536079393258, -1.345752951159651
-2.76884147540978, -1.3497425137390606
-2.7721758813539013, -1.3540036573496843
-2.775478663525626, -1.3584535119093448
-2.778819815599939, -1.3627260520366078
-2.7821972337081493, -1.3668011887778742
-2.7855314667220537, -1.3707240344996507
-2.7888309971195375, -1.3746116161829707
-2.7920970337056907, -1.3784891727626793
-2.7952996091775315, -1.3826639872814974
-2.798454088090112, -1.387088879722413
-2.8018162824223194, -1.3915541953223565
-2.805372450794068, -1.3960307489545243
-2.8092013589788163, -1.4005783662617617
-2.8132619852962515, -1.4051733730136824
-2.81750527592935, -1.4097410492250848
-2.8216006095145745, -1.4142576574545913
-2.8252597998187903, -1.4186815603183038
-2.828698882572858, -1.4228158781716318
-2.8321348741199475, -1.4268273060415155
-2.835518961376817, -1.4307316544554578
-2.8388133848565396, -1.4344775486196337
-2.842025321856029, -1.438155594473678
-2.8451474671341885, -1.441753974631326
-2.848225330260857, -1.4453427818646962
-2.8512760837498328, -1.4489122238769423
-2.8542686447523695, -1.4524267739233752
-2.857211909314175, -1.45598005227149
-2.860071078288903, -1.4594830466566031
-2.862870970662966, -1.4630097510055158
-2.8656794867237254, -1.4665839198439559
-2.8684582191379695, -1.470123613218031
-2.871196782224978, -1.4736583703488395
-2.873867465151547, -1.4771891608573835
-2.876450879683013, -1.4806772546369351
-2.8789924411235837, -1.484142792434902
-2.881491458745915, -1.487554180051198
-2.883984682619612, -1.4909124410765786
-2.8864126560378285, -1.4941497632393717
-2.8887700472562448, -1.4973478148140391
-2.891069616224032, -1.5005533844961065
-2.8933653150192056, -1.5037859180907527
-2.895743658632793, -1.5070430474155596
-2.8980611916455983, -1.5102709656598858
-2.9002254966566383, -1.5134448788630088
-2.90233573009288, -1.5165323618915418
-2.9045550782326903, -1.5196690427750086
-2.906661577476035, -1.5227549581275974
-2.9087354473372873, -1.525839843970235
-2.9107647629342552, -1.528855811051283
-2.9128299263548887, -1.5318600558798536
-2.914751836590993, -1.534823671159961
-2.916538040678765, -1.5377139498491081
-2.9183591352636675, -1.5405554147972342
-2.9203264980684227, -1.5434661460308063
-2.9224132642791845, -1.5464583433902925
-2.924398504061221, -1.5493891130079274
-2.9262818627833713, -1.5522575991752108
-2.9280734380406916, -1.5550909147447785
-2.9299125327586717, -1.55789564767611
-2.931892393324551, -1.5607381341953306
-2.933940533302489, -1.5636226968912819
-2.9358122053734705, -1.5665867284728947
-2.937574792024851, -1.569533538892492
-2.9394719532566436, -1.5724769627622623
-2.9414080950415915, -1.5754125462035429
-2.943414930812988, -1.5783923829277589
-2.945255483035718, -1.5813852397962431
-2.9469814465344233, -1.5843512451593447
-2.948774665849132, -1.5872248468882704
-2.9506549404450957, -1.5900964016391272
-2.9525109592860805, -1.5929999885935584
-2.954289346143644, -1.5959144084414165
-2.956097729184584, -1.5987965891273554
-2.9579919648704354, -1.601717410641131
-2.9599281012369656, -1.6046368514857652
-2.9617896054997903, -1.6075937118739407
-2.9635227456441693, -1.610519640336941
-2.9653913674755628, -1.6134505537096142
-2.9673561775186754, -1.6164369426215284
-2.969171274331445, -1.619425027186317
-2.97095389900374, -1.6223317637378698
-2.9728194921561717, -1.6252537078103226
-2.974668680335728, -1.6281851958478224
-2.976531322698415, -1.6311139374132317
-2.9784941874937867, -1.6340571053599717
-2.9803980422519114, -1.6369860485382455
-2.9821473235468696, -1.6399313432577336
-2.983836792417624, -1.6428298506600483
-2.985578302548812, -1.6456754876353932
-2.98732413498693, -1.6485489667383124
-2.9890156280744535, -1.6513615434653028
-2.9908367368866675, -1.6541942602188313
-2.992619959188262, -1.65703754153443
-2.994387900870263, -1.6598512575551998
-2.996256723958214, -1.6627627593815506
-2.998024327551425, -1.665735996923767
-2.9997446466362505, -1.6686564776590826
-3.0015636430586343, -1.6715814050822302
-3.003491048617804, -1.6745371627118375
-3.005322224438283, -1.6775062662288591
-3.006963341732922, -1.6805028674589835
-3.0086215142381016, -1.6834400172970487
-3.010405576113729, -1.6863701793324006
-3.0122076609273942, -1.6893635193754921
-3.0139594310310343, -1.692327637767173
-3.0157927264712305, -1.6952762030299329
-3.0175183274511537, -1.6982598951921417
-3.019127537923588, -1.7012160535203689
-3.020756378261881, -1.7041421656824265
-3.0225923118094125, -1.7071252172811504
-3.0243882051933597, -1.7100640927818727
-3.0261146620042867, -1.7129575189637436
-3.0278237652741744, -1.7158360841830829
-3.029546527975239, -1.7187134115137834
-3.031268570070739, -1.7215808839822808
-3.033105009792735, -1.7245159629302198
-3.0350211123070006, -1.727544726077291
-3.0369172831532008, -1.7306334647942685
-3.038614230291192, -1.7337107604125663
-3.0402785355106197, -1.736751407934701
-3.042022076518215, -1.7397798756452807
-3.043706069583823, -1.7427594467726455
-3.0453182551022535, -1.745712968098824
-3.046922483486574, -1.7486168913750495
-3.04864608364799, -1.7515982670673913
-3.0503250915931566, -1.7546084520322505
-3.0519345986749915, -1.7575258238307696
-3.053602178231397, -1.7604014754873054
-3.0553682780818443, -1.7633652506075934
-3.05699622055211, -1.7663514091219854
-3.0587081968327694, -1.7693581589883283
-3.0605111242613936, -1.7723895214848946
-3.0622846433396536, -1.775441637200111
-3.063936388904087, -1.7784594065384693
-3.0656351252686305, -1.7814680417736217
-3.0673495988147055, -1.784477067463346
-3.0690313180194337, -1.7874465600475946
-3.0707118737574444, -1.7904432559367975
-3.072362438576754, -1.793439251599196
-3.074078512798889, -1.7965080937789992
-3.0757466011091714, -1.7996013491078209
-3.0773754344156106, -1.8025852263934552
-3.079209175733237, -1.8056520124905977
-3.081016510688385, -1.8087763261991734
-3.0826712976825776, -1.8119013440034963
-3.084210934899245, -1.8149856692626283
-3.085784432649125, -1.8180088331757405
-3.087414776750757, -1.8209825161939344
-3.0890615582241185, -1.8239693853472307
-3.0907110824750332, -1.826923609693468
-3.0923131904735848, -1.8298930683032375
-3.0939483997117563, -1.8329051148952995
-3.095619095821119, -1.8359015365210758
-3.097338940320796, -1.8389610538673724
-3.0989245958654696, -1.8420144198529653
-3.100436004928675, -1.844957106008324
-3.101946305679009, -1.847844613667403
-3.1035458015295148, -1.8508419288040303
-3.105111419039522, -1.8538034004387312
-3.1067904144759533, -1.8568157096058582
-3.1084053826571343, -1.8598668436186467
-3.1099415799750973, -1.8629190315470157
-3.111390575249227, -1.8658453157152066
-3.1129389018323, -1.86877072863908
-3.1144577131614213, -1.8716862985220277
-3.115934760217258, -1.8746503403640007
-3.1174693326924947, -1.8776515276877368
-3.1189928543390444, -1.8806103688995586
-3.120597449654858, -1.8835853175155313
-3.1222060547175516, -1.8866248336786948
-3.1237366046233355, -1.8896303812570232
-3.125372793819923, -1.8926508781516598
-3.127030909863549, -1.8957024647512966
-3.1285366893500552, -1.8987959154576741
-3.1300656500183948, -1.9018767466900608
-3.1316727878038724, -1.9049886493310786
-3.133367692198545, -1.9081151187177676
-3.1350907521507456, -1.9112188768350493
-3.1367539602004513, -1.914327166389108
-3.1383285426097633, -1.917486496768378
-3.1397933034399577, -1.9206102156063067
-3.141221483050823, -1.9236257074268361
-3.142709490591996, -1.9266166347584202
-3.1442198829773957, -1.9296349860321484
-3.1456535634620217, -1.932607249094022
-3.1471618536380888, -1.935594401240082
-3.1487553003243653, -1.9386226206933248
-3.150308912144511, -1.941647644887888
-3.1518550921392454, -1.9446834461443947
-3.153364931268782, -1.9476875455451004
-3.1549408822994165, -1.9507152986254077
-3.1564561956420176, -1.9537794538792157
-3.1578755622527552, -1.9567857141256124
-3.1593380355490424, -1.959785465269053
-3.160850207944704, -1.9628054323078903
-3.162386658580493, -1.9658169917917807
-3.163901673103587, -1.9688481056901592
-3.165327803518647, -1.9718595054945476
-3.1667041751394684, -1.9748330797872198
-3.1681422387292506, -1.9777971976394386
-3.1696581192265434, -1.9808183869208784
-3.171207535484401, -1.983898255484612
-3.1727093139744724, -1.98691182617729
-3.174154480688213, -1.989924485849667
-3.1755171419764596, -1.9929042258247012
-3.1768716473860072, -1.9957596477596375
-3.1783397615922357, -1.9986568613115614
-3.1796624745273068, -2.001551924922414
-3.180979600176461, -2.004430487483611
-3.182413781040536, -2.0073724033038802
-3.183888364790373, -2.0103621162438334
-3.185417726121968, -2.013394277685483
-3.187042353249773, -2.0165207648594787
-3.188493404969358, -2.019717798710475
-3.189796970809392, -2.0228691987268554
-3.191125220777261, -2.0259112989033845
-3.192524462653357, -2.0289687251785367
-3.1939030137559645, -2.0320270416231714
-3.1953432193678557, -2.035052481117614
-3.196872778399374, -2.038086648720375
-3.1983464115439615, -2.041193241120601
-3.19963915154224, -2.0443118407025676
-3.200923781183497, -2.0473953446942543
-3.2023415505908126, -2.0505360787927462
-3.2038097908721017, -2.0537147949874797
-3.2052016350552712, -2.0568857471313056
-3.206600791163878, -2.0600076867578507
-3.208017629094835, -2.063085249935093
-3.2093964008547284, -2.066200973103675
-3.2106986965963005, -2.0692180172843053
-3.212095499191302, -2.0722501928369055
-3.2135307231823695, -2.075353825936829
-3.214891149431179, -2.0783774937649437
-3.216310602914935, -2.081377557827729
-3.217645463858217, -2.084362781519062
-3.218961172620252, -2.0873588242249212
-3.2203374500035227, -2.090394482895526
-3.2216837550341215, -2.0934067188508583
-3.2231163868702337, -2.0964724116929756
-3.2244981726054793, -2.0995352243412424
-3.225859508504849, -2.102566749500287
-3.227283624541799, -2.1055925887037166
-3.2287083871772184, -2.108651591730863
-3.230045446335267, -2.1117099626242535
-3.2313001959661496, -2.1147404363241273
-3.232583465208239, -2.1177158483115837
-3.233960189503362, -2.120748389303232
-3.235297205479615, -2.1237638845969236
-3.2366621104256126, -2.126783253026301
-3.238052254697696, -2.1298281127892045
-3.2395807997194095, -2.1329663474726277
-3.241142781310902, -2.1361422031322146
-3.2426737609508347, -2.139384215509061
-3.2441159455799946, -2.142652918017798
-3.245386885825056, -2.145928138742529
-3.24656333462712, -2.149089114653211
-3.2478850346209596, -2.1522381174837952
-3.249255378299421, -2.1554025304649698
-3.2505855625689177, -2.1585211040895467
-3.2520563208576294, -2.1616798676855913
-3.253394957173502, -2.164858754164306
-3.254648582501207, -2.168006775750329
-3.2559277832000184, -2.171074635216271
-3.2572056030455987, -2.1741522179301898
-3.258496091631734, -2.1772385250594852
-3.2598249434132165, -2.1802918625697005
-3.261216005388059, -2.18337914134638
-3.262541679518319, -2.1865352570808856
-3.2637704934936105, -2.189736261822879
-3.2649868966636726, -2.192824674799125
-3.2662657206233088, -2.195870718881579
-3.267597968187969, -2.1989584935558497
-3.2688438307677927, -2.2020970676238463
-3.2700215858660684, -2.2052036044494505
-3.271253770820181, -2.208279598700713
-3.272586169992677, -2.2114355771908154
-3.2738676944046934, -2.2145420548268473
-3.2751996725058667, -2.217615641131369
-3.276568169783508, -2.220722204943864
-3.277958416601122, -2.223879403067098
-3.2792445637765257, -2.2270831430926217
-3.2804033209341026, -2.2302682365546334
-3.281631134857361, -2.2334064091236745
-3.2829184034247567, -2.236535130065222
-3.2840873094873504, -2.239578499390919
-3.2853034411268274, -2.242628905116663
-3.2865666793204373, -2.2457610865268998
-3.2877807814609126, -2.2488579032937457
-3.2890799230419026, -2.251978598013452
-3.2903624941559673, -2.255063338516663
-3.2916776010558317, -2.2581834672192858
-3.292886283552134, -2.261293797546289
-3.294010871334863, -2.2643690683824103
-3.2952516457391527, -2.2674864829700976
-3.296572206094739, -2.2706587656935495
-3.2977505456156027, -2.2738299030635076
-3.298878904004104, -2.276989064843243
-3.3001816108445885, -2.2802018095597956
-3.3015233181692496, -2.283446232332982
-3.3027400365450648, -2.2866591102794573
-3.3038836078517253, -2.2898262496239665
-3.3050018538138253, -2.2928911016899947
-3.306222021043967, -2.2960027911857726
-3.307468372065394, -2.299180473859028
-3.308625074743026, -2.302278580045248
-3.309755129587272, -2.30532082991219
-3.3109375627283253, -2.308407077714559
-3.3121387485482945, -2.3114898484802384
-3.313310476594684, -2.3145394340221994
-3.314449747417366, -2.3175688700215735
-3.3156358077075567, -2.320617167760258
-3.3168430843399146, -2.323706816247851
-3.3179998559620323, -2.3267476971457293
-3.3191392444914958, -2.3297415141460913
-3.3203321755804898, -2.332740330154789
-3.321527349529978, -2.33573543676043
-3.3226936248591192, -2.33876426593861
-3.323807324030729, -2.3417810627778017
-3.324986906759049, -2.344827163996537
-3.3261276997756197, -2.3478774792584742
-3.32719745954258, -2.3508068057764766
-3.3282874752801868, -2.353697151219222
-3.329416477318527, -2.3566466739058245
-3.3305225554453193, -2.35969143794408
-3.3316170395469933, -2.3627288474519474
-3.332806851830814, -2.3657987032000865
-3.33398183861863, -2.368868834075455
-3.3351104276538988, -2.371942983810366
-3.3362495797952523, -2.375087704791125
-3.337360971930233, -2.378223066612218
-3.3385397355398925, -2.3813994271777696
-3.3396419283264365, -2.3845761572128152
-3.340732597155503, -2.3876960274925265
-3.341919063646878, -2.3908300929043547
-3.3430939747825286, -2.393969515066233
-3.3442300117611605, -2.3971052651474007
-3.345352082969163, -2.4002626962931584
-3.3464997217785153, -2.403421095016479
-3.3476640842276417, -2.406600869671072
-3.3487416503025274, -2.4097505982568794
-3.3498586859106805, -2.4129260895167555
-3.3510160440106067, -2.4161237372570317
-3.3521753677570048, -2.419303949620058
-3.3533196731645747, -2.4224923062913066
-3.3544313833107777, -2.4256625898465756
-3.3555726142935995, -2.4288642144453587
-3.3566900468014764, -2.4320477224854185
-3.3578325694818787, -2.435224221845398
-3.3589325288456973, -2.4383860454024537
-3.359988779049475, -2.441524487591294
-3.3610855517192326, -2.4446667518291374
-3.362160532718951, -2.4477894242452902
-3.363222838839676, -2.450852581738427
-3.364338775036762, -2.453927172433356
-3.3654757576086882, -2.4570574247430965
-3.3665813251389487, -2.460228606589925
-3.3676105874125066, -2.463378081426037
-3.368648877496294, -2.466485548871354
-3.369697261003503, -2.469558033775653
-3.370761517117605, -2.472589363358738
-3.371769496781892, -2.475640814161201
-3.372839525910525, -2.4787386235117737
-3.373953004081936, -2.4818781535591845
-3.3750727968880003, -2.4849999817475434
-3.376124083131947, -2.4881181357620106
-3.3771234882818213, -2.491238988066199
-3.3781947237611396, -2.494417452465914
-3.3792158838912485, -2.4975110650903063
-3.380265711780678, -2.5006008106522457
-3.381194198059521, -2.5036632327623263
-3.382192195005018, -2.506757397352458
-3.38324550198328, -2.5098931776673172
-3.3842792516429143, -2.5130602564954723
-3.3852667572480404, -2.516170437790813
-3.3863393294027664, -2.519284319475242
-3.3873645859492174, -2.5224130006032293
-3.3883194756605675, -2.525529224593084
-3.3893779776380004, -2.5286859194166156
-3.3904567129918943, -2.531847161934157
-3.3914857964418497, -2.5350117775622563
-3.39248117522551, -2.538142053954981
-3.393528507212426, -2.5413092366962977
-3.3945592472936403, -2.5444672663549093
-3.395637955604315, -2.547681302537639
-3.3966501049152447, -2.5508523658909015
-3.397610120024197, -2.5539290283672345
-3.398637445463786, -2.557055036151858
-3.399596456383327, -2.5602077262273846
-3.400512865664112, -2.5632102548434643
-3.401419094263234, -2.5661236263745497
-3.4023293411796836, -2.569052211023812
-3.403295112038127, -2.5720609672952657
-3.4042592532104563, -2.575114824002973
-3.4052550538572155, -2.578202413595139
-3.406208982108786, -2.5812640754717884
-3.407151559793746, -2.584371038637996
-3.408088105020183, -2.5874536064147295
-3.409096821153781, -2.5905701378293187
-3.4100967392371717, -2.5936874318085534
-3.4110491080641614, -2.596823727210544
-3.411963347557498, -2.599859327596226
-3.4129608688212225, -2.6029270558517523
-3.4138780483342472, -2.606004034199809
-3.4148725403370803, -2.60914873226911
-3.4158544577089742, -2.612292572433782
-3.416891012794342, -2.6155010869856286
-3.4178346331247664, -2.6186199537884294
-3.4187482593834186, -2.6217411016550143
-3.4196991465562965, -2.624904377502025
-3.420707279044291, -2.6280841575917124
-3.4216989452199993, -2.631261489461475
-3.422676648326629, -2.6344333965781064
-3.42369889261823, -2.6376337905975347
-3.4246944218573065, -2.6408174326299436
-3.4257754603431865, -2.6440714248625774
-3.4267463860007794, -2.6472262991061957
-3.4276416307318684, -2.6503320704905313
-3.428515838753265, -2.6534085235085367
-3.429532081832991, -2.656578924934678
-3.43055247473646, -2.6598169878023232
-3.4314976023112544, -2.6629971080694173
-3.432434429157601, -2.666152558637062
-3.4332829051043805, -2.669277361721891
-3.4340882611716967, -2.672351168187397
-3.435006484974656, -2.6755109709070184
-3.4358799057162623, -2.678693414562767
-3.436840616715605, -2.6819191936210736
-3.4377500098447533, -2.6851228726969896
-3.438563259878843, -2.6882482196624293
-3.439454913003126, -2.691395660090062
-3.440343345112624, -2.694570559361937
-3.4412119403532273, -2.69770307457624
-3.44215314317441, -2.700836604850473
-3.4430959345538796, -2.704047518881192
-3.443924325392602, -2.7071752659905597
-3.444801680280815, -2.710297988922338
-3.445719987206325, -2.713440845042521
-3.446713574331323, -2.716650933289336
-3.447681950642868, -2.7198826191091934
-3.448580077741526, -2.7230578886616432
-3.449484907707081, -2.7262298249080974
-3.4503939103511616, -2.7294119477790653
-3.451341087679891, -2.7326152913949584
-3.452262793805689, -2.7358007613139854
-3.4531587286249428, -2.738902544666809
-3.454074196196374, -2.74198815097706
-3.4548888313392685, -2.7450983492987038
-3.4557455193997444, -2.7482392819025643
-3.4566267394676853, -2.751392657172131
-3.4576165620090413, -2.754665999878798
-3.458544454601796, -2.757929029765011
-3.4594533667075287, -2.761182302243217
-3.460365183187131, -2.7643781203942552
-3.4613613197530846, -2.767600154756252
-3.462273064244055, -2.770863601696194
-3.463065278148651, -2.7740942529454053
-3.46383527636315, -2.7771808034490126
-3.464669968129776, -2.7802592389940806
-3.4655861995564754, -2.783450782100953
-3.4664613120226537, -2.7866415235888713
-3.4673546096336616, -2.7897785452132124
-3.4682168578512282, -2.792853902894541
-3.4690641006409706, -2.7959327553279802
-3.469867945402538, -2.7990419542921225
-3.4706603839504053, -2.802138085809437
-3.471540549079904, -2.8052751462033383
-3.472366571905859, -2.808448199601145
-3.4731505332575145, -2.8115566934008798
-3.4739786016312673, -2.8146736603287605
-3.47476872275109, -2.8177931179121947
-3.475587808757914, -2.820961499533086
-3.4764130938800584, -2.8241598577639944
-3.4772437140037105, -2.827379586078599
-3.4780803234486117, -2.8306037962454793
-3.4789766321655096, -2.833839388133433
-3.47978863592186, -2.837040812132131
-3.4805999742654423, -2.840246091492645
-3.4815073011717246, -2.8435438378714895
-3.482331684589963, -2.846831842450322
-3.4831161167014044, -2.8500572814155
-3.483945083135115, -2.853246390997223
-3.484799888520935, -2.856442938767195
-3.485623497644081, -2.8596728944123337
-3.486355467625992, -2.8628179016181226
-3.4871189726259897, -2.865912344981169
-3.4879477869743156, -2.8690698835250905
-3.488758104794226, -2.8722480252212286
-3.489583956691308, -2.875432923365542
-3.490443848809586, -2.8786555547100185
-3.4912890303467274, -2.8818539517245894
-3.4921537965918255, -2.8850645458209705
-3.493114307130636, -2.888408676261053
-3.4939800421963993, -2.891773215069551
-3.494783925484447, -2.8950577970814924
-3.495576785839373, -2.8983360169151156
-3.4963488320672904, -2.9015901616646245
-3.4971865157070825, -2.9048887185470353
-3.4979211266952293, -2.9080717452563043
-3.4987243637932637, -2.911279663605201
-3.4995249411975324, -2.9145669288800646
-3.500253513000219, -2.9178386834461523
-3.501071329164219, -2.921121337466362
-3.5019362631391218, -2.924369770725087
-3.5027804052314186, -2.9276159356276454
-3.5035010578670875, -2.93084552957986
-3.5041277070955887, -2.934055466558826
-3.5048392117635974, -2.9372709064439273
-3.5056675208036054, -2.940558718283054
-3.5064875629585512, -2.9438330850815557
-3.5072249059372753, -2.9470892737855934
-3.5079050401886445, -2.950312222957534
-3.5086458454068348, -2.953567856394556
-3.509411100512741, -2.9568690718314103
-3.5101019309098147, -2.9601485025951724
-3.510854870138722, -2.963418207953959
-3.511650008495228, -2.9667062321546873
-3.512407891505012, -2.969953044944352
-3.513128742478639, -2.973190258510607
-3.5138659610123377, -2.976398101751519
-3.5145747071978173, -2.979559047535663
-3.515286389424296, -2.982758497530749
-3.516020913697046, -2.9860044404566572
-3.5167215258596167, -2.989250780518151
-3.517475444409158, -2.992523623965661
-3.5182327696493307, -2.9957406663846795
-3.5190120740713584, -2.9989296453112315
-3.519735862664943, -3.0021489357894913
-3.5203199612030565, -3.0053590019617693
-3.520939806705396, -3.0085432747876535
-3.5216342384446224, -3.011740233613094
-3.5222886320044022, -3.0148275694669477
-3.5229714713412985, -3.01789477197784
-3.523695808840615, -3.021063485430136
-3.5243706291497356, -3.024222495923651
-3.525072782267834, -3.027411269480858
-3.5257510373166445, -3.0305724229330617
-3.526446394585425, -3.0337281013716604
-3.5271378386623917, -3.0368754173762182
-3.527831991614544, -3.039980034380797
-3.528492086924759, -3.043105514411481
-3.5291584647572223, -3.046290697644129
-3.5298595454085286, -3.0495137451208616
-3.530500782864423, -3.052712946878229
-3.5311554745434774, -3.055881681653614
-3.5318344080206305, -3.0590871818113317
-3.5325321952895887, -3.062313392008104
-3.533221708055511, -3.065564041828978
-3.5338757798133873, -3.068757398951838
-3.534525800835404, -3.071892585838875
-3.535251993902916, -3.075095356853459
-3.5359235391322428, -3.078297161187183
-3.536583881704257, -3.081506611119372
-3.5372540411410323, -3.084761411127553
-3.537929749402747, -3.0880137195409967
-3.5386342492448084, -3.09127287304343
-3.5392867630230955, -3.0944819181213794
-3.5399317794018637, -3.0976226318884215
-3.5406051297546193, -3.1007695393610404
-3.541226287324244, -3.1039126130105554
-3.541868382869776, -3.10705096516028
-3.54252362930748, -3.1101874813294077
-3.5431851835147556, -3.1133467606092293
-3.5438282454520738, -3.1164851836660024
-3.54447753874949, -3.11965898669378
-3.54515095360639, -3.122852883190351
-3.545805043441865, -3.126046883749945
-3.5464544671196356, -3.129272042908205
-3.5470809705115007, -3.1325044694693545
-3.547732983357388, -3.135698153101614
-3.548318106801866, -3.1387996855642686
-3.5488545219220895, -3.1418534477942033
-3.5494556003938316, -3.14494237158927
-3.55006381733182, -3.1480534179783297
-3.5507207101082394, -3.1512036680656808
-3.5513592497454876, -3.154337967725291
-3.5519987523589482, -3.1574820379739466
-3.552641697097716, -3.1606398343672892
-3.553315849128863, -3.163828245846552
-3.5539905409195156, -3.1670480301972117
-3.5546425926977467, -3.1702760960242253
-3.5552459506559053, -3.173497584234352
-3.555823693222489, -3.1767087607544084
-3.5564033791813285, -3.1799002764010127
-3.557059676823077, -3.1831331224022024
-3.557715684307376, -3.1864067822504922
-3.5583796790370785, -3.1897002027386665
-3.558974222587803, -3.1929743512026056
-3.5595456986993184, -3.196181363557175
-3.5601704817279507, -3.1994116717524586
-3.560787865440792, -3.202669502156545
-3.561407290823148, -3.2059161787706465
-3.5620040469740157, -3.209056510493775
-3.5625032736293445, -3.212105437733101
-3.5630358478364648, -3.2151506143762427
-3.5636377563122807, -3.218294295658355
-3.564254197681951, -3.221502033717361
